5571
1
1364
2
1364
3
1364
4
1364
3
342
4
1034
2
1364
3
1364
4
1364
3
370
4
1003
1
1364
2
1364
3
1364
3
349
4
1020
1
1364
2
389
3
991
3
320
4
1049
3
1364
2
339
3
1022
2
1364
1
377
2
671
1
315
2
281
3
1118
1
1364
2
1364
3
1364
4
341
3
1048
1
1364
2
1364
3
1364
3
341
4
1101
1
1364
2
1364
3
1364
3
327
4
1034
3
1364
2
318
1
2024
4
260
3
327
2
353
1
805
2
0
3
1373
4
1375
3
269
4
1087
1
305
2
1072
1
1364
2
1364
3
1364
2
315
3
1058
4
1364
3
1364
2
1364
1
336
2
1044
3
1364
4
358
3
1005
1
1364
2
341
3
1000
1
-1
-1